1850  7.90  13.48  1.96
1851  8.18  13.08  2.20
1852  8.10  13.40  2.34
1853  8.04  13.89  1.89
1854  8.21  13.98  1.76
1855  8.11  13.49  1.70
1856  8.00  13.47  1.53
1857  7.76  13.44  1.86
1858  8.10  13.68  2.11
1859  8.25  13.86  2.46
1860  7.96  13.96  2.34
1861  7.85  13.86  2.26
1862  7.56  14.25  2.48
1863  8.11  13.62  2.77
1864  7.98  13.92  2.41
1865  8.18  14.30  2.55
1866  8.29  14.17  2.43
1867  8.44  14.15  2.46
1868  8.25  14.10  2.37
1869  8.43  14.07  2.17
1870  8.20  14.21  2.42
1871  8.12  13.98  2.16
1872  8.19  14.29  2.19
1873  8.35  14.01  1.90
1874  8.43  13.88  2.06
1875  7.86  14.01  1.61
1876  8.08  13.93  2.13
1877  8.54  14.43  2.65
1878  8.83  14.74  2.98
1879  8.17  14.07  2.08
1880  8.12  13.91  2.05
1881  8.27  14.05  2.43
1882  8.13  14.11  2.27
1883  7.98  13.96  1.88
1884  7.77  13.69  1.65
1885  7.92  13.91  1.87
1886  7.95  13.95  1.97
1887  7.91  13.89  1.91
1888  8.09  13.91  1.95
1889  8.32  14.29  2.35
1890  7.97  13.93  1.85
1891  8.02  14.03  1.91
1892  8.07  13.97  1.98
1893  8.06  13.94  1.91
1894  8.16  14.04  2.12
1895  8.15  14.08  2.08
1896  8.21  14.11  2.11
1897  8.29  14.19  2.29
1898  8.18  14.23  2.15
1899  8.40  14.33  2.43
1900  8.50  14.39  2.58
1901  8.54  14.51  2.49
1902  8.30  14.36  2.20
1903  8.22  14.09  2.28
1904  8.09  14.06  2.17
1905  8.23  14.08  2.34
1906  8.38  14.24  2.49
1907  7.95  13.81  2.00
1908  8.19  14.04  2.17
1909  8.18  14.03  2.16
1910  8.22  14.10  2.16
1911  8.18  13.99  2.25
1912  8.17  14.05  2.20
1913  8.30  14.20  2.32
1914  8.59  14.31  2.69
1915  8.59  14.47  2.64
1916  8.23  14.10  2.26
1917  8.02  13.93  2.02
1918  8.13  13.96  2.19
1919  8.38  14.16  2.45
1920  8.36  14.14  2.45
1921  8.57  14.42  2.68
1922  8.41  14.21  2.43
1923  8.42  14.18  2.46
1924  8.51  14.22  2.51
1925  8.53  14.34  2.54
1926  8.73  14.45  2.77
1927  8.52  14.30  2.54
1928  8.63  14.36  2.67
1929  8.24  13.96  2.30
1930  8.63  14.33  2.74
1931  8.72  14.42  2.82
1932  8.71  14.43  2.76
1933  8.34  14.08  2.42
1934  8.63  14.38  2.77
1935  8.52  14.29  2.59
1936  8.55  14.31  2.64
1937  8.70  14.48  2.75
1938  8.86  14.65  3.03
1939  8.76  14.59  2.88
1940  8.76  14.58  2.89
1941  8.77  14.54  2.91
1942  8.73  14.53  2.92
1943  8.76  14.60  2.94
1944  8.85  14.73  3.06
1945  8.58  14.44  2.77
1946  8.68  14.48  2.83
1947  8.80  14.56  2.96
1948  8.75  14.62  2.92
1949  8.59  14.41  2.80
1950  8.37  14.17  2.58
1951  8.63  14.43  2.74
1952  8.64  14.46  2.82
1953  8.87  14.64  3.11
1954  8.56  14.29  2.87
1955  8.63  14.33  2.86
1956  8.28  14.02  2.56
1957  8.73  14.38  3.00
1958  8.77  14.48  3.11
1959  8.73  14.42  3.11
1960  8.58  14.32  2.93
1961  8.80  14.51  3.13
1962  8.75  14.54  3.01
1963  8.86  14.61  3.16
1964  8.41  14.16  2.77
1965  8.53  14.27  2.84
1966  8.60  14.33  2.90
1967  8.70  14.41  3.04
1968  8.52  14.16  2.86
1969  8.60  14.21  2.96
1970  8.70  14.40  3.04
1971  8.60  14.35  2.96
1972  8.50  14.16  2.84
1973  8.95  14.57  3.37
1974  8.47  14.08  2.90
1975  8.74  14.38  3.12
1976  8.35  14.01  2.73
1977  8.85  14.49  3.29
1978  8.69  14.28  3.17
1979  8.73  14.46  3.20
1980  8.98  14.67  3.40
1981  9.17  14.86  3.64
1982  8.64  14.30  3.24
1983  9.03  14.68  3.55
1984  8.69  14.34  3.19
1985  8.66  14.27  3.18
1986  8.83  14.52  3.32
1987  8.99  14.70  3.43
1988  9.20  14.89  3.65
1989  8.92  14.62  3.33
1990  9.23  14.96  3.66
1991  9.18  14.84  3.62
1992  8.84  14.47  3.26
1993  8.87  14.52  3.28
1994  9.04  14.73  3.40
1995  9.35  15.03  3.70
1996  9.04  14.74  3.38
1997  9.20  14.87  3.59
1998  9.52  15.17  3.95
1999  9.29  14.98  3.66
2000  9.20  14.90  3.58
2001  9.41  15.16  3.74
2002  9.57  15.31  3.86
2003  9.53  15.25  3.85
2004  9.32  15.02  3.66
2005  9.70  15.35  4.11
2006  9.53  15.26  3.86
2007  9.73  15.53  4.01
2008  9.43  15.19  3.72
2009  9.51  15.27  3.80
2010  9.70  15.45  4.02
2011  9.52  15.28  3.83
2012  9.51  15.33  3.76
2013  9.61  15.37  3.91
2014  9.57  15.31  3.88
2015  9.83  15.57  4.15
